isc = -9.88957e-03
voc = 4.382731e-01
pmax = 9.933966e-03
imp = -3.75215e-03
vmp = 3.752152e-01
ff = 3.248168e-01
