isc = -1.22967e-18
voc = 1.195814e-15
pmax = 8.373705e-03
imp = -1.11502e-18
vmp = 1.115015e-16
ff = 8.454887e-02
