isc = -6.36154e-19
voc = 3.119977e-16
pmax = 7.081374e-03
imp = -5.28412e-19
vmp = 5.284123e-17
ff = 1.406799e-01
