isc = -7.91363e-03
voc = 4.262215e-01
pmax = 9.902150e-03
imp = -3.57800e-03
vmp = 3.578001e-01
ff = 3.795508e-01
